658132704
356072481
761423085
570641328
810456273
1845376902
2193670458
067254183
7213948650
765480213
2561378490
54237061
3648172905
32015764
9625017348
640278531
710645832
682530741
215804763
71403652
405627381
516794231008
03542167
481670523
70215346
8592640317
537210069841
410235768
836524107
50623471
42736150
0671598432
0435218976
845370162
76103425
2153786094
641250783
347658210
354128670
086514327
1578269340
5047123986
20765314
9431876250
574801263
4301869275
74150326
028654317
548360721
289361050174
43715620
216834507
62504317
265187340
3176420895
46103572
0825314769
375812604
782403165
7685129034
26510473
041765283
758024163
402836571
9831752460
3018695724
0251634
74651032
352470861
506432178
37056142
36274105
5612380794
135084672
5018469327
867123504
726103485
4936180572
35270164
53710642
368471205
24037651
076518324
150874362
264107385
67124305
174682053
9351764280
384125067
6891370425
1756429308
26071453
6493201587
9350421786
182047356
275063148
8034916275
723540861
256147038
4856297013